P0: 7.215377000000e+02 0.000000000000e+00 6.095593000000e+02 0.000000000000e+00 0.000000000000e+00 7.215377000000e+02 1.728540000000e+02 0.000000000000e+00 0.000000000000e+00 0.000000000000e+00 1.000000000000e+00 0.000000000000e+00
P1: 7.215377000000e+02 0.000000000000e+00 6.095593000000e+02 -3.875744000000e+02 0.000000000000e+00 7.215377000000e+02 1.728540000000e+02 0.000000000000e+00 0.000000000000e+00 0.000000000000e+00 1.000000000000e+00 0.000000000000e+00
P2: 7.215377000000e+02 0.000000000000e+00 6.095593000000e+02 4.485728000000e+01 0.000000000000e+00 7.215377000000e+02 1.728540000000e+02 2.163791000000e-01 0.000000000000e+00 0.000000000000e+00 1.000000000000e+00 2.745884000000e-03
P3: 7.215377000000e+02 0.000000000000e+00 6.095593000000e+02 -3.395242000000e+02 0.000000000000e+00 7.215377000000e+02 1.728540000000e+02 2.199936000000e+00 0.000000000000e+00 0.000000000000e+00 1.000000000000e+00 2.729905000000e-03
R0_rect: 9.999239000000e-01 9.837760000000e-03 -7.445048000000e-03 -9.869795000000e-03 9.999421000000e-01 -4.278459000000e-03 7.402527000000e-03 4.351614000000e-03 9.999631000000e-01
Tr_velo_to_cam: 7.533745000000e-03 -9.999714000000e-01 -6.166020000000e-04 -4.069766000000e-03 1.480249000000e-02 7.280733000000e-04 -9.998902000000e-01 -7.631618000000e-02 9.998621000000e-01 7.523790000000e-03 1.480755000000e-02 -2.717806000000e-01
Tr_imu_to_velo: 9.999976000000e-01 7.553071000000e-04 -2.035826000000e-03 -8.086759000000e-01 -7.854027000000e-04 9.998898000000e-01 -1.482298000000e-02 3.195559000000e-01 2.024406000000e-03 1.482454000000e-02 9.998881000000e-01 -7.997231000000e-01

# ITRI 0906 calibration result

P_front_bottom_60: -0.119953 -0.98975115 -0.077484995 1.695314846246 -0.030885888309 0.08173117701732746 -996175725766648 -1.24156130652 0.992299017 -0.1171010743668 -0.0403732436086 2.983779927
P_front_top_far_30: 649.337005 0 285.582207 0 648.474125 184.865181 0 0 0

# old Tr_front_bottom_60_to_lidar: 205.49302127 163.41283802 -61.84375520118 1952.945121593574 163.41283802 31.3526421934138 -653.4577891 -252.523365585 0 0 0 0
Tr_front_top_far_30_to_lidar: -0.1671580761397803 -0.9854849063069455 0.02962561429637545 4.145314846246203 -0.1380207628754597 -0.006362539706111003 -0.9904088989421307 1.078438693473749 0.9762215151268298 -0.1696437960247243 -0.1349538286740994 -0.5762200728421822

Tr_front_bottom_60_to_lidar: 237.0544401055306 -632.8360983961932 20.37523932928183 685.375489420239 216.3917118855027 -26.98384885309333 -606.6425047117431 -1304.061752286869 0 0 0 0

# ITRI (OpenCalib)

front_bottom_60_intrinsic: 1957.67 0 949.828 0 1663.51 576.237 0 0 1
front_bottom_60_extrinsic: 0.0508727 -0.997984 0.0379331 -0.172762 0.0286168 -0.0365101 -0.998923 -1.68631 0.998295 0.0519035 0.0267017 5.09209
