## kitti dataset parameters

P2:
    7.215377000000e+02 0.000000000000e+00 6.095593000000e+02 4.485728000000e+01
    0.000000000000e+00 7.215377000000e+02 1.728540000000e+02 2.163791000000e-01
    0.000000000000e+00 0.000000000000e+00 1.000000000000e+00 2.745884000000e-03

R0_rect:
    9.999239000000e-01 9.837760000000e-03 -7.445048000000e-03 0.000000000000e+00
    -9.869795000000e-03 9.999421000000e-01 -4.278459000000e-03 0.000000000000e+00
    7.402527000000e-03 4.351614000000e-03 9.999631000000e-01 0.000000000000e+00
    0.000000000000e+00 0.000000000000e+00 0.000000000000e+00 1.000000000000e+00

Tr_velo_to_cam:
    7.533745000000e-03 -9.999714000000e-01 -6.166020000000e-04 -4.069766000000e-03
    1.480249000000e-02 7.280733000000e-04 -9.998902000000e-01 -7.631618000000e-02
    9.998621000000e-01 7.523790000000e-03 1.480755000000e-02 -2.717806000000e-01
    0.000000000000e+00 0.000000000000e+00 0.000000000000e+00 1.000000000000e+00

projection_matrix = P2 @ R0_rect @ Tr_velo_to_cam

array([[ 6.09695409e+02, -7.21421597e+02, -1.25125855e+00, -1.23041806e+02],
       [ 1.80384202e+02,  7.64479802e+00, -7.19651474e+02, -1.01016688e+02],
       [ 9.99945389e-01,  1.24365378e-04,  1.04513030e-02, -2.69386912e-01]])

## ITRI parameters

projection_matrix_front_bottom_60_to_lidar:

array([[ 205.49302127, -676.12403534,  -61.8437552 , 1952.94512159],
       [ 163.41283802,   31.35264219, -653.4577891 , -252.52336558],
       [   0.        ,    0.        ,    0.        ,    0.        ]])
